*** Sampled system activity (Sun Sep 14 10:59:41 2025 +0100) (526.14ms elapsed) ***

*** Running tasks ***

Name                               ID     CPU ms/s  samp ms/s  User%  Deadlines (<2 ms, 2-5 ms)  Wakeups (Intr, Pkg idle)  SFI ms/s  QoS (L/T)  RPID  PPID  Bytes Read  Bytes Written  Pageins  Packets (In/Out)       Bytes (In/Out)        GPU ms/s QOS (ms/s) Disabled Maint   BG      Util   Default  U-Init  U-Intr  PCPU ms/s %PCPU  Switches  Energy Impact  Instr/s      Cycles/s    P-Instr/s    P-Cycles/s
com.mitchellh.ghostty              653    352.01    352.72                                       2050.44 0.00                                                      0.0            0.0                                                        8.21                                                                                                    569.20          4906466964   1977713768  4906316202   1977357537  
  powermetrics-tui                 67950  189.71    189.91     13.40  1220.83 20.89              1308.16 0.00               0.00      -1/-1      -1    -1          0.0            0.0      0.0         0.0        0.0        0.0        0.0  0.00                 0.00    0.00    0.00    0.00    189.71  0.00    0.00    189.70    99.99  28.48     270.98          908519390    503812984   908501503    503783318   
  node                             63766  87.54     87.63      97.46  241.13  32.28              347.45  0.00               0.00      -1/-1      -1    -1          0.0            0.0      0.0         1.9        0.0        0.0        0.0  0.00                 0.00    0.00    0.00    0.00    87.54   0.00    0.00    87.47     99.93  34.18     190.60          825802801    228037626   825752263    227903279   
  powermetrics                     67955  53.34     53.40      30.69  0.00    0.00               1.90    0.00               0.00      -1/-1      -1    -1          0.0            0.0      0.0         0.0        0.0        0.0        0.0  0.00                 40.40   0.00    0.00    0.00    12.94   0.00    0.00    53.34     100.00 0.00      70.44           331032639    130799963   331032639    130799963   
  ghostty                          13198  19.94     19.96      65.76  13.29   0.00               138.60  0.00               0.00       0/ 0      -1    -1          0.0            0.0      0.0         0.0        0.0        0.0        0.0  0.00                 1.33    0.00    0.16    4.37    1.13    0.36    12.59   19.74     99.01  15.19     31.34           128818797    50275363    128736314    50082801    
  esbuild                          84068  0.44      0.44       39.43  110.12  1.90               115.82  0.00               0.00      -1/-1      -1    -1          0.0            0.0      0.0         0.0        0.0        0.0        0.0  0.00                 0.00    0.00    0.00    0.00    0.44    0.00    0.00    0.44      100.00 7.59      0.47            1447370      1089970     1447370      1089970     
  esbuild                          32901  0.52      0.52       32.74  113.92  1.90               119.61  0.00               0.00      -1/-1      -1    -1          0.0            0.0      0.0         0.0        0.0        0.0        0.0  0.00                 0.00    0.00    0.00    0.00    0.52    0.00    0.00    0.52      100.00 5.70      0.47            1407834      1143832     1407834      1143832     
  esbuild                          5165   0.30      0.30       30.77  5.70    0.00               7.59    0.00               0.00      -1/-1      -1    -1          0.0            0.0      0.0         0.0        0.0        0.0        0.0  0.00                 0.00    0.00    0.00    0.00    0.30    0.00    0.00    0.30      100.00 7.59      0.21            357408       646996      357408       646996      
  node                             5089   0.18      0.18       67.38  1.90    0.00               1.90    0.00               0.00      -1/-1      -1    -1          0.0            0.0      0.0         0.0        0.0        0.0        0.0  0.00                 0.00    0.00    0.00    0.00    0.18    0.00    0.00    0.18      100.00 0.00      0.14            150818       491131      150818       491131      
  node                             32900  0.21      0.21       60.64  1.90    0.00               1.90    0.00               0.00      -1/-1      -1    -1          0.0            0.0      0.0         0.0        0.0        0.0        0.0  0.00                 0.00    0.00    0.00    0.00    0.21    0.00    0.00    0.21      100.00 1.90      0.12            136214       454064      136214       454064      
  node                             84007  0.15      0.15       85.08  1.90    0.00               1.90    0.00               0.00      -1/-1      -1    -1          0.0            0.0      0.0         0.0        0.0        0.0        0.0  0.00                 0.00    0.00    0.00    0.00    0.15    0.00    0.00    0.15      100.00 1.90      0.10            125202       398845      125202       398845      
DEAD_TASKS_COALITION                      631.79    631.79                                       0.00    0.00                                                                                                                                                                                                                                        63.18           0            0           0            0           
  DEAD_TASKS                       -1     631.79    631.79     23.56  0.00    0.00               0.00    0.00               0.00      -1/-1      0     0                                                                                     0.00                 0.00    0.00    0.00    0.00    0.00    0.00    0.00    620.57    98.23  1.90      999.91          0            0           0            0           
                                   53571  0.00      111.57                                       0.00    0.00                                                      0.0            0.0                                                        0.00                                                                                                    0.00            748          372         217          46          
  mdworker_shared                  75924  206.14    111.86     77.76  0.00    0.00               0.00    0.00               0.00      -1/-1      -1    -1          0.0            0.0     21.0         0.0        0.0        0.0        0.0  0.00                 0.09    29.48   2.05    0.00    174.48  0.05    0.00    28.09     13.63  10.51     83.56           842866836    418926615   243886341    51882337    
kernel_coalition                   1      455.64    456.56                                       1048.93 20.86                                                     0.0      8476312.6                                                        0.00                                                                                                    39.53           561172961    680445920   20165415     29662259    
  launchd                          1      359.90    360.28     0.77   0.00    0.00               1.90    0.00               0.00      -1/-1      -1    -1          0.0      6952486.6      0.0         0.0        0.0        0.0        0.0  0.00                 0.00    352.32  0.00    1.79    0.00    5.79    0.00    0.00      0.00   1.90      23.18           413750475    509682611   0            0           
  kernel_task                      0      97.57     97.68      0.00   495.55  0.00               1057.54 20.89              0.00      -1/-1      -1    -1          0.0      1532035.6      0.0         0.0        0.0        0.0        0.0  0.00                 97.26   0.00    0.00    0.00    0.00    0.00    0.00    11.70     11.99  3.80      16.36           148062093    171333767   20120630     29505455    
com.apple.audio.coreaudiod         347    88.39     88.57                                        87.25   1.90                                                      0.0            0.0                                                        0.00                                                                                                    11.29           164694124    128318368   0            0           
  coreaudiod                       426    88.23     88.33      95.46  0.00    0.00               87.34   1.90               0.00      -1/-1      -1    -1          0.0            0.0      0.0         0.0        0.0        0.0        0.0  0.00                 88.23   0.00    0.00    0.00    0.00    0.00    0.00    0.00      0.00   0.00      11.31           164850879    128279443   0            0           
com.google.Chrome                  661    35.94     36.01                                        147.95  1.90                                                      0.0            0.0                                                        0.00                                                                                                    4.58            38868626     58348899    4240768      6203210     
  Google Chrome Helper (Renderer)  50803  16.20     16.21      72.89  0.00    0.00               51.26   0.00               0.00       0/ 0      -1    -1          0.0            0.0      0.0         0.0        0.0        0.0        0.0  0.00                 7.19    0.00    0.00    0.00    0.00    9.01    0.00    0.84      5.17   18.99     1.97            17826544     26155177    1781883      2240889     
  Google Chrome Helper (Renderer)  52225  16.13     16.15      70.86  0.00    0.00               53.16   1.90               0.00       0/ 0      -1    -1          0.0            0.0      0.0         0.0        0.0        0.0        0.0  0.00                 7.22    0.00    0.00    0.00    0.00    8.91    0.00    0.57      3.53   34.18     1.84            18315057     25398491    1503266      1522463     
  Google Chrome                    633    2.92      2.93       59.06  0.00    0.00               11.39   0.00               0.00       0/ 0      -1    -1          0.0            0.0      0.0         0.0        0.0        0.0        0.0  0.00                 0.00    0.00    0.00    0.00    0.00    0.33    2.60    0.33      11.19  7.59      0.37            2059966      5062950     288090       876382      
  Google Chrome Helper (Renderer)  2089   0.25      0.25       78.85  0.00    0.00               17.09   0.00               0.00       0/ 0      -1    -1          0.0            0.0      0.0         0.0        0.0        0.0        0.0  0.00                 0.00    0.00    0.00    0.00    0.00    0.25    0.00    0.25      100.00 9.49      0.17            315186       676070      315186       676070      
  Google Chrome Helper (Renderer)  1782   0.22      0.22       90.62  0.00    0.00               3.80    0.00               0.00       0/ 0      -1    -1          0.0            0.0      0.0         0.0        0.0        0.0        0.0  0.00                 0.00    0.00    0.00    0.00    0.00    0.00    0.22    0.07      33.35  1.90      0.07            235369       505234      114676       198913      
  Google Chrome Helper (Renderer)  78966  0.13      0.13       91.43  0.00    0.00               3.80    0.00               0.00       0/ 0      -1    -1          0.0            0.0      0.0         0.0        0.0        0.0        0.0  0.00                 0.00    0.00    0.00    0.00    0.00    0.13    0.00    0.13      100.00 1.90      0.07            110096       345830      110096       345830      
  Google Chrome Helper (GPU)       859    0.15      0.15       81.47  0.00    0.00               3.80    0.00               0.00       0/ 0      -1    -1          0.0            0.0      0.0         0.0        0.0        0.0        0.0  0.00                 0.00    0.00    0.00    0.00    0.00    0.15    0.00    0.07      45.28  0.00      0.05            123387       360548      70732        186610      
  Google Chrome Helper             860    0.03      0.03       73.88  0.00    0.00               1.90    0.00               0.00       0/ 0      -1    -1          0.0            0.0      0.0         0.0        0.0        0.0        0.0  0.00                 0.00    0.00    0.00    0.00    0.00    0.03    0.00    0.03      100.00 0.00      0.02            34158        89933       34158        89933       
  Google Chrome Helper             1226   0.03      0.03       72.43  0.00    0.00               1.90    0.00               0.00       0/ 0      -1    -1          0.0            0.0      0.0         0.0        0.0        0.0        0.0  0.00                 0.00    0.00    0.00    0.00    0.00    0.03    0.00    0.03      100.00 1.90      0.02            26788        72129       26788        72129       
  Google Chrome Helper (Alerts)    75277  0.05      0.05       50.58  0.00    0.00               1.90    0.00               0.00       0/ 0      -1    -1          0.0            0.0      0.0         0.0        0.0        0.0        0.0  0.00                 0.00    0.00    0.00    0.00    0.00    0.05    0.00    0.00      0.00   0.00      0.00            21236        46052       0            0           
com.apple.WindowServer             321    57.41     57.52                                        72.08   0.00                                                      0.0            0.0                                                        5.46                                                                                                    3.72            60023869     73263161    0            0           
  WindowServer                     381    56.99     57.05      61.02  5.70    0.00               68.35   0.00               0.00       0/ 0      -1    -1          0.0            0.0      0.0         0.0        0.0        0.0        0.0  0.00                 55.40   0.00    0.00    0.00    1.41    0.18    0.00    0.00      0.00   0.00      3.58            58206889     71648279    0            0           
com.apple.Spotlight                53569  14.57     14.60                                        0.00    0.00                                                      0.0            0.0                                                        0.00                                                                                                    3.64            55879030     30076805    0            0           
  mdworker_shared                  67948  14.59     14.60      75.76  0.00    0.00               0.00    0.00               0.00      -1/-1      -1    -1          0.0            0.0      0.0         0.0        0.0        0.0        0.0  0.00                 0.00    14.35   0.24    0.00    0.00    0.00    0.00    0.00      0.00   0.00      3.65            55933151     30105936    0            0           
com.spotify.client                 40232  14.07     14.10                                        45.52   0.00                                                      0.0            0.0                                                        0.00                                                                                                    1.72            23693509     24232366    0            0           
  Spotify                          10090  11.68     11.69      75.78  1.90    0.00               41.77   0.00               0.00       0/ 0      -1    -1          0.0            0.0      0.0         0.0        0.0        0.0        0.0  0.00                 2.25    0.00    0.19    0.00    7.48    0.64    1.12    0.00      0.00   0.00      1.43            20277156     19287265    0            0           
  Spotify Helper                   10092  1.01      1.01       23.63  0.00    0.00               1.90    0.00               0.00      -1/-1      -1    -1          0.0            0.0      0.0         0.0        0.0        0.0        0.0  0.00                 0.00    0.00    0.00    0.00    1.01    0.00    0.00    0.00      0.00   0.00      0.15            1955451      2082377     0            0           
  Spotify Helper                   10095  0.61      0.61       85.64  0.00    0.00               1.90    0.00               0.00       0/ 0      -1    -1          0.0            0.0      0.0         0.0        0.0        0.0        0.0  0.00                 0.00    0.00    0.00    0.00    0.00    0.08    0.54    0.00      0.00   0.00      0.06            722220       1266131     0            0           
  Spotify Helper (GPU)             10094  0.41      0.41       75.22  0.00    0.00               1.90    0.00               0.00       0/ 0      -1    -1          0.0            0.0      0.0         0.0        0.0        0.0        0.0  0.00                 0.00    0.00    0.00    0.00    0.00    0.12    0.29    0.00      0.00   0.00      0.04            345534       842803      0            0           
  Spotify Helper (Renderer)        10100  0.21      0.21       72.78  0.00    0.00               0.00    0.00               0.00       0/ 0      -1    -1          0.0            0.0      0.0         0.0        0.0        0.0        0.0  0.00                 0.00    0.00    0.00    0.00    0.00    0.00    0.21    0.00      0.00   0.00      0.02            196914       435922      0            0           
  Spotify Helper                   10098  0.17      0.17       68.40  0.00    0.00               0.00    0.00               0.00       0/ 0      -1    -1          0.0            0.0      0.0         0.0        0.0        0.0        0.0  0.00                 0.00    0.00    0.00    0.00    0.00    0.07    0.10    0.00      0.00   0.00      0.02            212906       348323      0            0           
com.apple.Spotlight                243    7.16      7.17                                         1.90    0.00                                                      0.0            0.0                                                        0.00                                                                                                    1.19            11109698     14969948    340336       840860      
  mds                              342    7.17      7.17       50.27  0.00    0.00               1.90    0.00               0.00      -1/-1      -1    -1          0.0            0.0      0.0         0.0        0.0        0.0        0.0  0.00                 0.00    1.73    1.93    0.00    3.50    0.00    0.00    0.31      4.39   5.70      1.19            11120458     14984447    340665       841675      
com.apple.bluetoothd               307    9.74      9.76                                         1.90    0.00                                                      0.0            0.0                                                        0.00                                                                                                    1.01            15173576     15806897    0            0           
  bluetoothd                       374    9.75      9.76       80.91  0.00    0.00               1.90    0.00               0.00      -1/-1      -1    -1          0.0            0.0      0.0         0.0        0.0        0.0        0.0  0.00                 2.02    0.00    0.14    0.00    0.41    7.19    0.00    0.00      0.00   0.00      1.01            15188272     15822207    0            0           
