Machine model: MacBookPro18,2
OS version: 23G93
Boot arguments:
Boot time: Tue Sep  9 00:41:15 2025



*** Sampled system activity (Sun Sep 14 00:18:55 2025 +0100) (5037.96ms elapsed) ***

*** Running tasks ***

Name                               ID     CPU ms/s  samp ms/s  User%  Deadlines (<2 ms, 2-5 ms)  Wakeups (Intr, Pkg idle)  SFI ms/s  QoS (L/T)  RPID  PPID  Bytes Read  Bytes Written  Pageins  Packets (In/Out)       Bytes (In/Out)        GPU ms/s QOS (ms/s) Disabled Maint   BG      Util   Default  U-Init  U-Intr  PCPU ms/s %PCPU  Switches  Energy Impact  Instr/s      Cycles/s    P-Instr/s    P-Cycles/s
com.mitchellh.ghostty              653    27.50     27.60                                        295.65  10.09                                                     0.0            0.0                                                        1.09                                                                                                    8.24            50976205     38401524    37377798     18360648
  powermetrics                     24620  9.70      9.71       22.59  0.00    0.00               0.20    0.00               0.00      -1/-1      -1    -1          0.0            0.0      0.0         0.0        0.0        0.0        0.0  0.00                 8.05    0.00    0.00    0.00    1.65    0.00    0.00    8.13      83.86  0.79      10.34           38831789     19125190    36802553     17103870
  ghostty                          13198  13.76     13.77      28.20  19.63   0.79               147.32  4.76               0.00       0/ 0      -1    -1          0.0            0.0      0.0         0.0        0.0        0.0        0.0  0.00                 3.59    0.00    0.02    0.00    0.44    0.08    9.62    0.62      4.52   4.36      0.63            10109265     15176301    685809       1032867
  esbuild                          5165   0.69      0.69       34.55  57.50   0.99               60.67   3.17               0.00      -1/-1      -1    -1          0.0            0.0      0.0         0.0        0.0        0.0        0.0  0.00                 0.00    0.00    0.00    0.00    0.69    0.00    0.00    0.00      0.00   0.79      0.03            717601       706919      0            0
  esbuild                          32901  0.67      0.67       35.73  47.39   0.79               50.16   0.59               0.00      -1/-1      -1    -1          0.0            0.0      0.0         0.0        0.0        0.0        0.0  0.00                 0.00    0.00    0.00    0.00    0.67    0.00    0.00    0.00      0.00   0.79      0.03            638643       684393      0            0
  esbuild                          84068  0.57      0.57       45.39  24.19   0.40               25.97   0.40               0.00      -1/-1      -1    -1          0.0            0.0      0.0         0.0        0.0        0.0        0.0  0.00                 0.00    0.00    0.00    0.00    0.57    0.00    0.00    0.00      0.00   0.79      0.02            432684       601220      0            0
  node                             32900  0.43      0.43       83.71  0.99    0.00               0.99    0.00               0.00      -1/-1      -1    -1          0.0            0.0      0.0         0.0        0.0        0.0        0.0  0.00                 0.00    0.00    0.00    0.00    0.43    0.00    0.00    0.00      0.00   0.20      0.01            76266        415850      0            0
  node                             5089   0.41      0.41       85.86  0.99    0.00               0.99    0.00               0.00      -1/-1      -1    -1          0.0            0.0      0.0         0.2        0.0        0.0        0.0  0.00                 0.00    0.00    0.00    0.00    0.41    0.00    0.00    0.00      0.00   0.20      0.01            75599        395664      0            0
  node                             55750  0.31      0.31       79.05  2.18    0.00               4.36    0.79               0.00      -1/-1      -1    -1          0.0            0.0      0.0         0.0        0.0        0.0        0.0  0.00                 0.00    0.00    0.00    0.00    0.31    0.00    0.00    0.00      0.00   0.20      0.01            75566        328460      0            0
  node                             84007  0.44      0.44       84.20  0.99    0.00               0.99    0.00               0.00      -1/-1      -1    -1          0.0            0.0      0.0         0.0        0.0        0.0        0.0  0.00                 0.00    0.00    0.00    0.00    0.44    0.00    0.00    0.00      0.00   0.20      0.01            73083        426786      0            0
  node                             63766  0.32      0.32       82.91  2.38    0.00               4.76    0.40               0.00      -1/-1      -1    -1          0.0            0.0      0.0         0.0        0.0        0.0        0.0  0.00                 0.00    0.00    0.00    0.00    0.32    0.00    0.00    0.00      0.00   0.20      0.00            72982        322104      0            0
  node                             78286  0.05      0.05       36.44  0.00    0.00               0.00    0.00               0.00      -1/-1      -1    -1          0.0            0.0      0.0         0.0        0.0        0.0        0.0  0.00                 0.00    0.00    0.00    0.00    0.05    0.00    0.00    0.00      0.00   0.20      0.00            18870        47161       0            0
com.google.Chrome                  661    64.34     64.58                                        113.91  3.56                                                    810.0          810.0                                                        0.00                                                                                                    7.33            73908693     69896565    34246232     15797017
  Google Chrome Helper (Renderer)  1782   4.18      4.19       96.14  0.00    0.00               3.57    0.00               0.00       0/ 0      -1    -1          0.0            0.0      0.0         0.0        0.0        0.0        0.0  0.00                 0.00    0.00    0.00    0.00    0.00    0.05    4.13    3.07      73.35  0.79      2.13            15799962     5728811     14740320     4649062
  Google Chrome Helper (Renderer)  87365  3.97      3.98       93.25  0.00    0.00               0.59    0.00               0.00       0/ 0      -1    -1          0.0            0.0      0.0         0.0        0.0        0.0        0.0  0.00                 0.00    0.00    0.00    0.00    0.00    0.03    3.94    2.93      73.75  1.98      1.44            9849241      4815246     9395733      3572371
  Google Chrome Helper (Renderer)  50803  21.31     21.34      70.15  0.00    0.00               48.58   1.98               0.00       0/ 0      -1    -1          0.0            0.0      0.0         0.0        0.0        0.0        0.0  0.00                 9.51    0.00    0.00    0.00    0.00    11.80   0.00    0.45      2.11   5.95      0.91            17779176     21603599    660809       564848
  Google Chrome Helper (Renderer)  52225  21.39     21.42      70.16  0.00    0.00               49.57   1.19               0.00       0/ 0      -1    -1          0.0            0.0      0.0         0.0        0.0        0.0        0.0  0.00                 9.59    0.00    0.00    0.00    0.00    11.79   0.02    0.42      1.96   4.96      0.90            17850387     21521686    605366       533907
  Google Chrome                    633    6.13      6.14       74.73  0.00    0.00               3.57    0.00               0.00       0/ 0      -1    -1          0.0          812.1      0.0         0.0        0.0        0.0        0.0  0.00                 0.00    0.00    0.34    0.00    0.01    2.40    3.39    1.94      31.70  4.76      0.83            6520319      7910091     3955550      2411554
  Google Chrome Helper             860    4.04      4.05       65.29  0.00    0.00               1.39    0.00               0.00       0/ 0      -1    -1        812.1            0.0      0.0         0.0        0.0        0.0        0.0  0.00                 0.00    0.00    0.06    0.00    0.00    3.54    0.45    2.05      50.73  2.97      0.65            3537682      4679951     2823510      2678200
  Google Chrome Helper (Renderer)  24568  1.28      1.28       87.10  0.00    0.00               0.00    0.00               0.00       5/ 0      -1    -1          0.0            0.0      0.0         0.0        0.0        0.0        0.0  0.00                 0.00    0.00    0.00    0.00    0.00    1.20    0.08    1.17      91.69  3.77      0.45            2152691      1519069     2112676      1352000
  Google Chrome Helper             1226   0.44      0.44       71.09  0.00    0.00               0.40    0.00               0.00       0/ 0      -1    -1          0.0            0.0      0.0         0.0        0.0        0.0        0.0  0.00                 0.00    0.00    0.00    0.00    0.00    0.12    0.32    0.06      12.64  0.59      0.01            122765       429315      36461        57488
  Google Chrome Helper (GPU)       859    0.50      0.50       66.52  0.00    0.00               0.40    0.00               0.00       0/ 0      -1    -1          0.0            0.0      0.0         0.0        0.0        0.0        0.0  0.00                 0.00    0.00    0.00    0.00    0.00    0.00    0.50    0.00      0.00   0.00      0.01            145620       483325      0            0
  Google Chrome Helper (Renderer)  45591  0.30      0.30       87.23  0.00    0.00               0.20    0.00               0.00       0/ 0      -1    -1          0.0            0.0      0.0         0.0        0.0        0.0        0.0  0.00                 0.00    0.00    0.00    0.00    0.00    0.00    0.30    0.00      0.00   0.00      0.00            78037        287969      0            0
  Google Chrome Helper (Renderer)  1787   0.22      0.22       86.72  0.00    0.00               0.20    0.00               0.00       0/ 0      -1    -1          0.0            0.0      0.0         0.0        0.0        0.0        0.0  0.00                 0.00    0.00    0.00    0.00    0.00    0.00    0.22    0.00      0.00   0.00      0.00            52869        216442      0            0
  Google Chrome Helper             1812   0.15      0.15       65.51  0.00    0.00               0.59    0.00               0.00       0/ 0      -1    -1          0.0            0.0      0.0         0.0        0.0        0.0        0.0  0.00                 0.00    0.00    0.00    0.00    0.00    0.01    0.14    0.00      0.00   0.00      0.00            43579        192440      0            0
  Google Chrome Helper (Plugin)    1813   0.18      0.18       71.61  0.00    0.00               0.40    0.00               0.00       0/ 0      -1    -1          0.0            0.0      0.0         0.0        0.0        0.0        0.0  0.00                 0.00    0.00    0.00    0.00    0.00    0.01    0.17    0.00      0.00   0.00      0.00            51785        177902      0            0
  Google Chrome Helper (Alerts)    75277  0.08      0.08       79.16  0.00    0.00               0.40    0.00               0.00       0/ 0      -1    -1          0.0            0.0      0.0         0.0        0.0        0.0        0.0  0.00                 0.00    0.00    0.00    0.00    0.00    0.01    0.07    0.00      0.00   0.00      0.00            32295        133290      0            0
  Google Chrome Helper (Renderer)  65560  0.07      0.07       78.90  0.00    0.00               0.99    0.40               0.00       0/ 0      -1    -1          0.0            0.0      0.0         0.0        0.0        0.0        0.0  0.00                 0.00    0.00    0.00    0.00    0.00    0.07    0.00    0.01      14.86  0.40      0.00            17423        66177       3336         10552
  Google Chrome Helper (Renderer)  3228   0.01      0.01       58.71  0.00    0.00               0.20    0.00               0.00       0/ 0      -1    -1          0.0            0.0      0.0         0.0        0.0        0.0        0.0  0.00                 0.00    0.00    0.00    0.00    0.00    0.01    0.00    0.01      100.00 0.20      0.00            2072         8366        2072         8366
  com.apple.appkit.xpc.openAndSave 53076  0.04      0.04       28.28  0.00    0.00               0.20    0.00               0.00       0/ 0      -1    -1          0.0            0.0      0.0         0.0        0.0        0.0        0.0  0.00                 0.00    0.00    0.00    0.04    0.00    0.00    0.00    0.00      0.00   0.20      0.00            11724        41848       0            0
  Google Chrome Helper (Renderer)  57023  0.03      0.03       74.76  0.00    0.00               0.40    0.00               0.00       0/ 0      -1    -1          0.0            0.0      0.0         0.0        0.0        0.0        0.0  0.00                 0.00    0.00    0.00    0.00    0.00    0.03    0.00    0.00      0.00   0.00      0.00            8929         29928       0            0
  Google Chrome Helper (Renderer)  87447  0.03      0.03       79.88  0.00    0.00               0.40    0.00               0.00       5/ 0      -1    -1          0.0            0.0      0.0         0.0        0.0        0.0        0.0  0.00                 0.00    0.00    0.00    0.00    0.00    0.03    0.00    0.00      0.00   0.00      0.00            8483         31825       0            0
  Google Chrome Helper (Renderer)  24613  0.03      0.03       80.72  0.00    0.00               0.40    0.00               0.00       5/ 0      -1    -1          0.0            0.0      0.0         0.0        0.0        0.0        0.0  0.00                 0.00    0.00    0.00    0.00    0.00    0.03    0.00    0.00      0.00   0.00      0.00            6277         32292       0            0
  Google Chrome Helper (Renderer)  2579   0.02      0.02       87.71  0.00    0.00               0.20    0.00               0.00       5/ 0      -1    -1          0.0            0.0      0.0         0.0        0.0        0.0        0.0  0.00                 0.00    0.00    0.00    0.00    0.00    0.02    0.00    0.00      0.00   0.00      0.00            3167         21828       0            0
  Google Chrome Helper (Renderer)  87347  0.01      0.01       57.18  0.00    0.00               0.20    0.00               0.00       5/ 0      -1    -1          0.0            0.0      0.0         0.0        0.0        0.0        0.0  0.00                 0.00    0.00    0.00    0.00    0.00    0.01    0.00    0.00      0.00   0.00      0.00            4330         10463       0            0
  Google Chrome Helper (Renderer)  92202  0.01      0.01       63.19  0.00    0.00               0.20    0.00               0.00       0/ 0      -1    -1          0.0            0.0      0.0         0.0        0.0        0.0        0.0  0.00                 0.00    0.00    0.00    0.00    0.00    0.01    0.00    0.00      0.00   0.00      0.00            3869         11405       0            0
  Google Chrome Helper (Renderer)  52544  0.01      0.01       69.07  0.00    0.00               0.20    0.00               0.00       0/ 0      -1    -1          0.0            0.0      0.0         0.0        0.0        0.0        0.0  0.00                 0.00    0.00    0.00    0.00    0.00    0.01    0.00    0.00      0.00   0.00      0.00            2057         10927       0            0
  Google Chrome Helper (Renderer)  3294   0.01      0.01       65.75  0.00    0.00               0.20    0.00               0.00       0/ 0      -1    -1          0.0            0.0      0.0         0.0        0.0        0.0        0.0  0.00                 0.00    0.00    0.00    0.00    0.00    0.01    0.00    0.00      0.00   0.00      0.00            2090         11115       0            0
  Google Chrome Helper (Renderer)  51190  0.01      0.01       73.31  0.00    0.00               0.20    0.00               0.00       0/ 0      -1    -1          0.0            0.0      0.0         0.0        0.0        0.0        0.0  0.00                 0.00    0.00    0.00    0.00    0.00    0.01    0.00    0.00      0.00   0.00      0.00            2071         10675       0            0
  Google Chrome Helper (Renderer)  24128  0.01      0.01       72.48  0.00    0.00               0.20    0.00               0.00       5/ 0      -1    -1          0.0            0.0      0.0         0.0        0.0        0.0        0.0  0.00                 0.00    0.00    0.00    0.00    0.00    0.01    0.00    0.00      0.00   0.00      0.00            1896         9805        0            0
  Google Chrome Helper (Renderer)  2146   0.01      0.01       75.71  0.00    0.00               0.20    0.00               0.00       5/ 0      -1    -1          0.0            0.0      0.0         0.0        0.0        0.0        0.0  0.00                 0.00    0.00    0.00    0.00    0.00    0.01    0.00    0.00      0.00   0.00      0.00            1924         11004       0            0
kernel_coalition                   1      44.19     44.35                                        317.99  106.59                                                    0.0            0.0                                                        0.00                                                                                                    4.98            32639601     44075721    19172446     13192192
  launchd                          1      1.97      1.97       30.03  0.00    0.00               0.20    0.00               0.00      -1/-1      -1    -1          0.0            0.0      0.0         0.0        0.0        0.0        0.0  0.00                 0.00    0.00    0.00    0.02    0.00    1.95    0.00    1.95      99.10  0.00      2.63            8520369      5240902     8512623      5223655
  kernel_task                      0      42.63     42.68      0.00   44.02   0.99               317.44  106.87             0.00      -1/-1      -1    -1          0.0            0.0      0.0         0.0        0.0        0.0        0.0  0.00                 42.63   0.00    0.00    0.00    0.00    0.00    0.00    12.00     28.14  0.20      2.36            24191208     38954112    10670204     7967795
com.apple.audio.coreaudiod         347    47.01     47.19                                        93.74   2.77                                                      0.0            0.0                                                        0.00                                                                                                    2.94            79412544     47249791    0            0
  coreaudiod                       426    47.04     47.09      89.34  0.00    0.00               93.78   2.78               0.00      -1/-1      -1    -1          0.0            0.0      0.0         0.0        0.0        0.0        0.0  0.00                 47.04   0.00    0.00    0.00    0.00    0.00    0.00    0.00      0.00   0.00      2.94            79471239     47285866    0            0
com.docker.docker                  38099  14.32     14.37                                        495.18  14.63                                                     0.0            0.0                                                        0.00                                                                                                    1.65            15564806     15954446    6462248      4281605
  com.docker.backend               53816  11.73     11.74      44.38  301.38  1.98               483.20  14.47              0.00       0/ 0      -1    -1          0.0            0.0      0.0         0.0        0.0        0.0        0.0  0.00                 0.00    0.00    0.00    0.00    11.73   0.00    0.00    1.67      14.28  13.28     0.90            10997268     12181456    2353843      1757721
  Docker Desktop                   53870  2.87      2.87       79.88  1.39    0.00               2.18    0.20               0.00       0/ 0      -1    -1          0.0            0.0      0.0         0.0        0.0        0.0        0.0  0.00                 0.00    0.00    0.00    0.00    0.56    0.00    2.31    1.82      63.29  1.39      0.62            4086945      3103902     3661669      1976288
  com.docker.backend               53814  0.55      0.55       34.65  9.72    0.00               9.72    0.00               0.00       3/ 2      -1    -1          0.0            0.0      0.0         0.0        0.0        0.0        0.0  0.00                 0.00    0.00    0.00    0.55    0.00    0.00    0.00    0.54      97.68  9.12      0.12            471180       584320      463644       558798
  Docker Desktop Helper (GPU)      53965  0.07      0.07       77.90  0.00    0.00               0.20    0.00               0.00       0/ 0      -1    -1          0.0            0.0      0.0         0.0        0.0        0.0        0.0  0.00                 0.00    0.00    0.00    0.00    0.00    0.00    0.07    0.00      0.00   0.00      0.00            18043        65937       0            0
  Docker Desktop Helper            53967  0.05      0.05       86.31  0.00    0.00               0.20    0.00               0.00       0/ 0      -1    -1          0.0            0.0      0.0         0.0        0.0        0.0        0.0  0.00                 0.00    0.00    0.00    0.00    0.00    0.00    0.05    0.00      0.00   0.00      0.00            14094        45854       0            0
com.apple.WindowServer             321    25.41     25.50                                        24.13   0.99                                                      0.0            0.0                                                        0.53                                                                                                    1.01            20574584     29664325    0            0
  WindowServer                     381    26.50     26.53      49.44  0.00    0.00               24.19   0.99               0.00       0/ 0      -1    -1          0.0            0.0      0.0         0.0        0.0        0.0        0.0  0.00                 25.77   0.00    0.00    0.00    0.73    0.00    0.00    0.00      0.00   0.00      1.02            20628415     29741937    0            0
com.spotify.client                 40232  17.73     17.80                                        37.18   0.79                                                      0.0            0.0                                                        0.00                                                                                                    0.90            22121190     17809005    0            0
  Spotify                          10090  16.80     16.82      82.55  2.18    0.59               36.28   0.79               0.00       0/ 0      -1    -1          0.0            0.0      0.0         0.0        0.0        0.0        0.0  0.00                 5.26    0.00    0.10    0.00    10.90   0.00    0.54    0.00      0.00   0.00      0.89            21917934     16892377    0            0
  Spotify Helper (Renderer)        10100  0.37      0.37       81.58  0.00    0.00               0.20    0.00               0.00       0/ 0      -1    -1          0.0            0.0      0.0         0.0        0.0        0.0        0.0  0.00                 0.00    0.00    0.00    0.00    0.00    0.00    0.37    0.00      0.00   0.20      0.01            91080        357065      0            0
  Spotify Helper                   10095  0.30      0.30       51.23  0.00    0.00               0.40    0.00               0.00       0/ 0      -1    -1          0.0            0.0      0.0         0.0        0.0        0.0        0.0  0.00                 0.00    0.00    0.00    0.00    0.00    0.24    0.06    0.00      0.00   0.00      0.00            80917        292511      0            0
  Spotify Helper (GPU)             10094  0.23      0.24       66.31  0.00    0.00               0.40    0.00               0.00       0/ 0      -1    -1          0.0            0.0      0.0         0.0        0.0        0.0        0.0  0.00                 0.00    0.00    0.00    0.00    0.00    0.00    0.23    0.00      0.00   0.00      0.00            71579        228307      0            0
  Spotify Helper                   10098  0.09      0.09       64.06  0.00    0.00               0.40    0.00               0.00       0/ 0      -1    -1          0.0            0.0      0.0         0.0        0.0        0.0        0.0  0.00                 0.00    0.00    0.00    0.00    0.00    0.00    0.09    0.00      0.00   0.00      0.00            28435        102780      0            0
com.apple.bluetoothd               307    20.95     21.03                                        0.79    0.00                                                      0.0            0.0                                                        0.00                                                                                                    0.76            16769560     21589656    17202        30581
  bluetoothd                       374    21.06     21.09      60.17  0.00    0.00               0.79    0.00               0.00      -1/-1      -1    -1          0.0            0.0      0.0         0.0        0.0        0.0        0.0  0.00                 8.52    0.00    0.22    0.01    1.82    10.49   0.00    0.03      0.16   1.19      0.76            16793819     21589583    17247        30661
com.apple.controlcenter            683    16.42     16.48                                        3.36    0.20                                                      0.0            0.0                                                        0.00                                                                                                    0.75            13725743     21568354    0            0
  ControlCenter                    644    16.47     16.48      86.37  0.00    0.00               3.37    0.20               0.00       0/ 0      -1    -1          0.0            0.0      0.0         0.0        0.0        0.0        0.0  0.00                 0.07    0.00    0.00    0.00    0.00    0.32    16.08   0.00      0.00   0.00      0.75            13761654     21624784    0            0
com.apple.dasd                     285    6.78      6.80                                         0.20    0.00                                                      0.0            0.0                                                        0.00                                                                                                    0.49            11871448     7679069     0            0
  dasd                             363    6.80      6.81       91.81  0.00    0.00               0.20    0.00               0.00      -1/-1      -1    -1          0.0            0.0      0.0         0.0        0.0        0.0        0.0  0.00                 0.00    0.00    6.80    0.00    0.00    0.00    0.00    0.00      0.00   0.00      0.50            11902507     7699160     0            0
com.apple.nearbyd                  740    5.56      5.58                                         0.40    0.00                                                      0.0            0.0                                                        0.00                                                                                                    0.44            8975830      5956513     593817       251097
  nearbyd                          682    5.58      5.58       80.66  0.00    0.00               0.40    0.00               0.00      -1/-1      -1    -1          0.0            0.0      0.0         0.0        0.0        0.0        0.0  0.00                 0.00    0.00    0.00    0.00    0.06    5.52    0.00    0.23      4.05   0.40      0.45            8999314      5972097     595371       251754
com.logi.cp-dev-mgr                29395  8.42      8.46                                         26.30   1.38                                                      0.0            0.0                                                        0.00                                                                                                    0.43            8860730      9460819     0            0
  logioptionsplus_agent            75705  8.45      8.46       61.17  3.57    0.00               26.37   1.39               0.00       0/ 0      -1    -1          0.0            0.0      0.0         0.0        0.0        0.0        0.0  0.00                 0.00    0.00    0.00    0.00    8.45    0.00    0.00    0.00      0.00   0.00      0.43            8883913      9485572     0            0
com.apple.sharingd                 733    6.10      6.12                                         0.99    0.00                                                      0.0            0.0                                                        0.00                                                                                                    0.39            7487580      6789420     351573       215492
  sharingd                         678    6.13      6.13       82.60  0.00    0.00               0.99    0.00               0.00       0/ 0      -1    -1          0.0            0.0      0.0         0.0        0.0        0.0        0.0  0.00                 0.00    0.00    0.00    0.00    0.51    5.62    0.00    0.18      2.96   1.19      0.39            7507170      6807184     352493       216056
com.apple.coreservices.launchser   269    4.27      4.29                                         0.00    0.00                                                      0.0            0.0                                                        0.00                                                                                                    0.36            7064641      5652636     0            0
  launchservicesd                  355    4.28      4.29       60.60  0.00    0.00               0.00    0.00               0.00      -1/-1      -1    -1          0.0            0.0      0.0         0.0        0.0        0.0        0.0  0.00                 0.00    0.00    0.51    0.00    3.77    0.00    0.00    0.00      0.00   0.00      0.36            7083125      5667425     0            0
dev.zed.Zed                        35477  5.01      5.03                                         198.55  6.13                                                      0.0            0.0                                                        0.00                                                                                                    0.14            2808857      5034379     0            0
  zed                              81522  2.36      2.37       25.28  81.49   0.00               163.18  4.56               0.00      -1/-1      -1    -1          0.0            0.0      0.0         0.0        0.0        0.0        0.0  0.00                 0.00    0.00    0.00    0.00    2.36    0.00    0.00    0.00      0.00   0.00      0.08            1648022      2364110     0            0
  zed                              81521  2.36      2.36       48.02  19.83   0.00               31.72   1.59               0.00       5/ 0      -1    -1          0.0            0.0      0.0         0.0        0.0        0.0        0.0  0.00                 0.00    0.00    0.00    0.00    0.89    0.45    1.02    0.00      0.00   0.00      0.06            1102305      2371882     0            0
  node                             13915  0.29      0.29       82.97  1.98    0.00               3.97    0.00               0.00      -1/-1      -1    -1          0.0            0.0      0.0         0.0        0.0        0.0        0.0  0.00                 0.00    0.00    0.00    0.00    0.29    0.00    0.00    0.00      0.00   0.00      0.00            63587        308054      0            0
com.apple.AmbientDisplayAgent      367    2.29      2.30                                         0.00    0.00                                                      0.0            0.0                                                        0.00                                                                                                    0.09            2307837      2222771     0            0
  com.apple.AmbientDisplayAgent    1235   2.29      2.30       69.60  0.00    0.00               0.00    0.00               0.00      -1/-1      -1    -1          0.0            0.0      0.0         0.0        0.0        0.0        0.0  0.00                 0.00    0.00    0.00    0.00    2.29    0.00    0.00    0.00      0.00   0.00      0.09            2313875      2228587     0            0
com.apple.corebrightnessd          313    1.93      1.94                                         1.19    0.00                                                      0.0            0.0                                                        0.00                                                                                                    0.05            1218007      1883639     0            0
  corebrightnessd                  377    1.93      1.94       47.64  0.00    0.00               1.19    0.00               0.00      -1/-1      -1    -1          0.0            0.0      0.0         0.0        0.0        0.0        0.0  0.00                 0.00    0.00    0.00    0.00    1.89    0.05    0.00    0.00      0.00   0.00      0.05            1221194      1888567     0            0
com.apple.airportd                 339    1.80      1.81                                         1.19    0.00                                                      0.0            0.0                                                        0.00                                                                                                    0.05            1165147      1753784     0            0
  airportd                         408    1.81      1.81       60.89  0.00    0.00               1.19    0.00               0.00      -1/-1      -1    -1          0.0            0.0      0.0         0.0        0.0        0.0        0.0  0.00                 0.00    0.00    0.01    0.00    1.77    0.02    0.00    0.00      0.00   0.00      0.05            1168195      1758372     0            0
com.apple.logd                     185    1.09      1.09                                         0.20    0.00                                                      0.0            0.0                                                        0.00                                                                                                    0.04            885947       1214538     0            0
  logd                             313    1.09      1.09       56.10  0.00    0.00               0.20    0.00               0.00      -1/-1      -1    -1          0.0            0.0      0.0         0.0        0.0        0.0        0.0  0.00                 0.00    0.00    0.00    1.04    0.00    0.05    0.00    0.00      0.00   0.00      0.04            888264       1217716     0            0
com.apple.distnoted.xpc.agent      537    0.71      0.71                                         0.20    0.00                                                      0.0            0.0                                                        0.00                                                                                                    0.04            1156723      688534      0            0
  distnoted                        563    0.71      0.71       92.21  0.00    0.00               0.20    0.00               0.00      -1/-1      -1    -1          0.0            0.0      0.0         0.0        0.0        0.0        0.0  0.00                 0.00    0.00    0.02    0.00    0.67    0.02    0.00    0.00      0.00   0.00      0.04            1159750      690335      0            0
com.apple.timesync.audioclocksyn   415    0.92      0.92                                         0.00    0.00                                                      0.0            0.0                                                        0.00                                                                                                    0.03            503385       956439      0            0
  audioclocksyncd                  478    0.92      0.92       50.43  0.00    0.00               0.00    0.00               0.00       0/ 0      -1    -1          0.0            0.0      0.0         0.0        0.0        0.0        0.0  0.00                 0.00    0.00    0.00    0.00    0.00    0.92    0.00    0.00      0.00   0.00      0.03            504702       958941      0            0
com.granola.app                    13235  2.46      2.47                                         3.76    0.00                                                      0.0            0.0                                                        0.00                                                                                                    0.03            541836       2455077     0            0
  Granola                          45550  1.56      1.56       94.88  0.00    0.00               0.40    0.00               0.00       0/ 0      -1    -1          0.0            0.0      0.0         0.0        0.0        0.0        0.0  0.00                 0.00    0.00    0.00    0.00    0.00    0.00    1.56    0.00      0.00   0.00      0.01            262057       1514075     0            0
  Granola Helper                   45567  0.17      0.17       75.39  0.40    0.00               0.99    0.00               0.00       0/ 0      -1    -1          0.0            0.0      0.0         0.0        0.0        0.0        0.0  0.00                 0.00    0.00    0.00    0.00    0.03    0.00    0.14    0.00      0.00   0.00      0.00            72915        214860      0            0
  Granola Helper                   45569  0.19      0.19       72.41  0.40    0.00               0.99    0.00               0.00       0/ 0      -1    -1          0.0            0.0      0.0         0.0        0.0        0.0        0.0  0.00                 0.00    0.00    0.00    0.00    0.03    0.00    0.16    0.00      0.00   0.00      0.00            73860        203665      0            0
  Granola Helper (GPU)             45559  0.21      0.21       71.90  0.00    0.00               0.40    0.00               0.00       0/ 0      -1    -1          0.0            0.0      0.0         0.0        0.0        0.0        0.0  0.00                 0.00    0.00    0.00    0.00    0.00    0.00    0.21    0.00      0.00   0.00      0.00            54901        200334      0            0
  Granola Helper                   45563  0.12      0.12       82.69  0.00    0.00               0.40    0.00               0.00       0/ 0      -1    -1          0.0            0.0      0.0         0.0        0.0        0.0        0.0  0.00                 0.00    0.00    0.00    0.00    0.00    0.00    0.12    0.00      0.00   0.00      0.00            30488        112379      0            0
  Granola Helper                   74055  0.14      0.14       96.56  0.00    0.00               0.20    0.00               0.00       0/ 0      -1    -1          0.0            0.0      0.0         0.0        0.0        0.0        0.0  0.00                 0.00    0.00    0.00    0.00    0.00    0.00    0.14    0.00      0.00   0.00      0.00            30075        135320      0            0
  Granola Helper                   45561  0.08      0.08       78.84  0.00    0.00               0.40    0.00               0.00       0/ 0      -1    -1          0.0            0.0      0.0         0.0        0.0        0.0        0.0  0.00                 0.00    0.00    0.00    0.00    0.00    0.00    0.08    0.00      0.00   0.00      0.00            18957        80868       0            0
ALL_TASKS                          -2     340.44    340.44     58.95  632.60  6.55               1699.30 151.65             0.00      -1/-1      0     0         813.0          813.0      0.0         0.2        3.8        0.0       15.1  0.00                 160.44  0.05    11.25   3.62    59.15   57.93   48.02   39.32     11.55  63.12     34.35           387895761    370903919   98571724     52026653


**** Battery and backlight usage ****

Battery: percent_charge: 100


**** Network activity ****

out: 12.11 packets/s, 3500.62 bytes/s
in:  11.91 packets/s, 4755.89 bytes/s


**** Disk activity ****

read: 0.20 ops/s 0.81 KBytes/s
write: 0.20 ops/s 0.81 KBytes/s

****  Interrupt distribution ****

CPU 0:
	Total IRQ: 1774.33 interrupts/sec
	|-> IPI: 833.87 interrupts/sec
	|-> TIMER: 814.22 interrupts/sec
CPU 1:
	Total IRQ: 1744.16 interrupts/sec
	|-> IPI: 941.45 interrupts/sec
	|-> TIMER: 790.60 interrupts/sec
CPU 2:
	Total IRQ: 454.55 interrupts/sec
	|-> IPI: 342.00 interrupts/sec
	|-> TIMER: 107.19 interrupts/sec
CPU 3:
	Total IRQ: 77.61 interrupts/sec
	|-> IPI: 48.83 interrupts/sec
	|-> TIMER: 27.19 interrupts/sec
CPU 4:
	Total IRQ: 43.27 interrupts/sec
	|-> IPI: 24.81 interrupts/sec
	|-> TIMER: 18.46 interrupts/sec
CPU 5:
	Total IRQ: 21.64 interrupts/sec
	|-> IPI: 15.28 interrupts/sec
	|-> TIMER: 6.35 interrupts/sec
CPU 6:
	Total IRQ: 18.66 interrupts/sec
	|-> IPI: 10.52 interrupts/sec
	|-> TIMER: 8.14 interrupts/sec
CPU 7:
	Total IRQ: 8.34 interrupts/sec
	|-> IPI: 6.15 interrupts/sec
	|-> TIMER: 2.18 interrupts/sec
CPU 8:
	Total IRQ: 3.97 interrupts/sec
	|-> IPI: 2.18 interrupts/sec
	|-> TIMER: 1.79 interrupts/sec
CPU 9:
	Total IRQ: 2.58 interrupts/sec
	|-> IPI: 1.98 interrupts/sec
	|-> TIMER: 0.60 interrupts/sec



**** Processor usage ****

E-Cluster Online: 100%
E-Cluster HW active frequency: 1012 MHz
E-Cluster HW active residency:  25.08% (600 MHz: .43% 972 MHz:  93% 1332 MHz: 2.3% 1704 MHz: 2.8% 2064 MHz: 1.2%)
E-Cluster idle residency:  74.92%
E-Cluster SW requested overall frequency: 0 MHz
E-Cluster average core count: 0.0
CPU 0 frequency: 1058 MHz
CPU 0 active residency:  17.87% (600 MHz: .09% 972 MHz:  15% 1332 MHz: 1.0% 1704 MHz: 1.2% 2064 MHz: .31%)
CPU 0 idle residency:  82.13%
CPU 1 frequency: 1051 MHz
CPU 1 active residency:  16.95% (600 MHz: .08% 972 MHz:  15% 1332 MHz: .93% 1704 MHz: 1.1% 2064 MHz: .22%)
CPU 1 idle residency:  83.05%

P0-Cluster Online: 100%
P0-Cluster HW active frequency: 667 MHz
P0-Cluster HW active residency:   3.71% (600 MHz:  94% 828 MHz: .12% 1056 MHz: 1.2% 1296 MHz: 1.7% 1524 MHz: 1.1% 1752 MHz: .54% 1980 MHz: .29% 2208 MHz: .03% 2448 MHz: .47% 2676 MHz: .94% 2904 MHz:   0% 3036 MHz:   0% 3132 MHz:   0% 3168 MHz:   0% 3228 MHz:   0%)
P0-Cluster idle residency:  96.29%
P0-Cluster SW requested overall frequency: 0 MHz
P0-Cluster average core count: 0.0
CPU 2 frequency: 960 MHz
CPU 2 active residency:   2.94% (600 MHz: 1.7% 828 MHz: .01% 1056 MHz: .37% 1296 MHz: .33% 1524 MHz: .28% 1752 MHz: .17% 1980 MHz: .07% 2208 MHz: .00% 2448 MHz: .03% 2676 MHz: .02% 2904 MHz:   0% 3036 MHz:   0% 3132 MHz:   0% 3168 MHz:   0% 3228 MHz:   0%)
CPU 2 idle residency:  97.06%
CPU 3 frequency: 1570 MHz
CPU 3 active residency:   0.95% (600 MHz: .03% 828 MHz:   0% 1056 MHz: .29% 1296 MHz: .09% 1524 MHz: .10% 1752 MHz: .20% 1980 MHz: .09% 2208 MHz: .03% 2448 MHz: .01% 2676 MHz: .09% 2904 MHz:   0% 3036 MHz:   0% 3132 MHz:   0% 3168 MHz:   0% 3228 MHz:   0%)
CPU 3 idle residency:  99.05%
CPU 4 frequency: 1406 MHz
CPU 4 active residency:   0.29% (600 MHz: .01% 828 MHz:   0% 1056 MHz: .14% 1296 MHz: .06% 1524 MHz: .02% 1752 MHz: .00% 1980 MHz: .00% 2208 MHz: .00% 2448 MHz: .00% 2676 MHz: .05% 2904 MHz:   0% 3036 MHz:   0% 3132 MHz:   0% 3168 MHz:   0% 3228 MHz:   0%)
CPU 4 idle residency:  99.71%
CPU 5 frequency: 1070 MHz
CPU 5 active residency:   0.08% (600 MHz: .00% 828 MHz:   0% 1056 MHz: .07% 1296 MHz: .00% 1524 MHz: .00% 1752 MHz: .00% 1980 MHz:   0% 2208 MHz:   0% 2448 MHz:   0% 2676 MHz: .00% 2904 MHz:   0% 3036 MHz:   0% 3132 MHz:   0% 3168 MHz:   0% 3228 MHz:   0%)
CPU 5 idle residency:  99.92%

P1-Cluster Online: 100%
P1-Cluster HW active frequency: 608 MHz
P1-Cluster HW active residency:   0.21% (600 MHz:  99% 828 MHz:   0% 1056 MHz: .29% 1296 MHz: .42% 1524 MHz: .31% 1752 MHz: .08% 1980 MHz:   0% 2208 MHz:   0% 2448 MHz:   0% 2676 MHz:   0% 2904 MHz:   0% 3036 MHz:   0% 3132 MHz:   0% 3168 MHz:   0% 3228 MHz:   0%)
P1-Cluster idle residency:  99.79%
P1-Cluster SW requested overall frequency: 0 MHz
P1-Cluster average core count: 0.0
CPU 6 frequency: 1211 MHz
CPU 6 active residency:   0.17% (600 MHz: .01% 828 MHz:   0% 1056 MHz: .07% 1296 MHz: .04% 1524 MHz: .05% 1752 MHz: .00% 1980 MHz:   0% 2208 MHz:   0% 2448 MHz:   0% 2676 MHz:   0% 2904 MHz:   0% 3036 MHz:   0% 3132 MHz:   0% 3168 MHz:   0% 3228 MHz:   0%)
CPU 6 idle residency:  99.83%
CPU 7 frequency: 1053 MHz
CPU 7 active residency:   0.06% (600 MHz: .00% 828 MHz:   0% 1056 MHz: .06% 1296 MHz:   0% 1524 MHz: .00% 1752 MHz:   0% 1980 MHz:   0% 2208 MHz:   0% 2448 MHz:   0% 2676 MHz:   0% 2904 MHz:   0% 3036 MHz:   0% 3132 MHz:   0% 3168 MHz:   0% 3228 MHz:   0%)
CPU 7 idle residency:  99.94%
CPU 8 frequency: 1044 MHz
CPU 8 active residency:   0.02% (600 MHz: .00% 828 MHz:   0% 1056 MHz: .02% 1296 MHz: .00% 1524 MHz:   0% 1752 MHz:   0% 1980 MHz:   0% 2208 MHz:   0% 2448 MHz:   0% 2676 MHz:   0% 2904 MHz:   0% 3036 MHz:   0% 3132 MHz:   0% 3168 MHz:   0% 3228 MHz:   0%)
CPU 8 idle residency:  99.98%
CPU 9 frequency: 1050 MHz
CPU 9 active residency:   0.01% (600 MHz: .00% 828 MHz:   0% 1056 MHz: .01% 1296 MHz:   0% 1524 MHz:   0% 1752 MHz:   0% 1980 MHz:   0% 2208 MHz:   0% 2448 MHz:   0% 2676 MHz:   0% 2904 MHz:   0% 3036 MHz:   0% 3132 MHz:   0% 3168 MHz:   0% 3228 MHz:   0%)
CPU 9 idle residency:  99.99%

CPU Power: 44 mW
GPU Power: 10 mW
ANE Power: 0 mW
Combined Power (CPU + GPU + ANE): 54 mW


**** Thermal pressure ****

Current pressure level: Nominal


**** Selective Forced Idle ****


**** GPU usage ****

GPU HW active frequency: 418 MHz
GPU HW active residency:   1.22% (389 MHz: 1.1% 486 MHz:   0% 648 MHz:   0% 778 MHz: .09% 972 MHz:   0% 1296 MHz:   0%)
GPU SW requested state: (P1 :  92% P2 :   0% P3 :   0% P4 : 7.5% P5 : .40% P6 :   0%)
GPU SW state: (SW_P1 :   0% SW_P2 :   0% SW_P3 :   0% SW_P4 :   0% SW_P5 :   0% SW_P6 :   0%)
GPU idle residency:  98.78%
GPU Power: 10 mW
